[6.76237684e-06 6.76237684e-06 6.76237684e-06 ... 6.76237684e-06
 6.76237684e-06 6.76237684e-06]
[2.15624124e-05 2.15624124e-05 2.15624124e-05 ... 2.15624124e-05
 2.15624124e-05 2.15624124e-05]
[1.24646316e-05 1.24646316e-05 1.24646316e-05 ... 1.24646316e-05
 1.24646316e-05 1.24646316e-05]
[4.49929586e-06 4.49929586e-06 4.49929586e-06 ... 4.49929586e-06
 4.49929586e-06 4.49929586e-06]
[8.70875317e-06 8.70875317e-06 8.70875317e-06 ... 8.70875317e-06
 8.70875317e-06 8.70875317e-06]
[3.23627737e-06 3.23627737e-06 3.23627737e-06 ... 3.23627737e-06
 3.23627737e-06 3.23627737e-06]
[7.693077e-06 7.693077e-06 7.693077e-06 ... 7.693077e-06 7.693077e-06
 7.693077e-06]
[1.18743051e-04 1.07948228e-05 2.26691279e-04 ... 1.07948228e-05
 1.07948228e-05 1.07948228e-05]
[1.76906611e-05 1.76906611e-05 1.76906611e-05 ... 1.76906611e-05
 1.76906611e-05 1.76906611e-05]
[3.82165118e-06 4.20381630e-05 3.82165118e-06 ... 3.82165118e-06
 3.82165118e-06 3.82165118e-06]
