[2.77415596e-05 2.77415596e-05 2.77415596e-05 ... 2.77415596e-05
 2.77415596e-05 2.77415596e-05]
[1.64238672e-05 1.64238672e-05 1.64238672e-05 ... 1.64238672e-05
 1.64238672e-05 1.64238672e-05]
[2.52098722e-05 2.52098722e-05 2.52098722e-05 ... 2.52098722e-05
 2.52098722e-05 2.52098722e-05]
[1.44535823e-05 1.44535823e-05 1.44535823e-05 ... 1.44535823e-05
 1.44535823e-05 1.44535823e-05]
[1.42761289e-05 1.42761289e-05 1.42761289e-05 ... 1.42761289e-05
 1.42761289e-05 1.42761289e-05]
[2.81001489e-05 2.81001489e-05 2.81001489e-05 ... 5.90103128e-04
 5.90103128e-04 5.90103128e-04]
[1.3893327e-05 1.3893327e-05 1.3893327e-05 ... 1.3893327e-05 1.3893327e-05
 1.3893327e-05]
[0. 0. 0. ... 0. 0. 0.]
[0. 0. 0. ... 0. 0. 0.]
[0. 0. 0. ... 0. 0. 0.]
